oi, como vai?
1424  700
-------&&&-------
2  2
-----__-----
1
4  4
-----__-----
6  6
-----__-----
8  8
-----__-----
10  10
-----__-----
12  12
-----__-----
14  14
-----__-----
16  16
-----__-----
18  18
-----__-----
20  20
-----__-----
22  22
-----__-----
24  24
-----__-----
26  26
-----__-----
28  28
-----__-----
30  30
-----__-----
32  32
-----__-----
34  34
-----__-----
36  36
-----__-----
38  38
-----__-----
40  40
-----__-----
20
20
20
20
20
20
20
20
20
20
20
20
20
20
20
20
20
20
20
20
20
20
20
20
20
20
20
20
20
20
20
20
20
20
20
20
20
20
20
20
20
20
20
20
20
20
20
20
20
20
20
20
20
20
20
20
20
20
20
20
20
20
20
20
20
20
20
20
20
20
20
20
20
20
20
20
20
20
20
20
20
20
20
20
20
20
20
20
20
20
20
20
20
20
20
20
20
20
20
20
20
20
20
20
20
20
20
20
20
20
20
20
20
20
20
20
20
20
20
20
20
20
20
20
20
20
